69.6776925142
76.9462381934
57.4359490855
59.7541292909
58.8767740683
58.8767700320
68.7099232562
71.2981046033
70.9810044919
67.6255764621
59.0236057170
67.9101917408
53.3502876853
24.4348109636
27.3960818421
37.1172249163
0
0
0
0
0
52.4207967564
62.6074949754
39.7196057526
21.5643811398
21.8189039283
49.0920044821
53.1407623941
0
0
52.7681427575
54.7001398474
71.8320919516
75.5813762922
70.7155135789
68.3622457584
68.8364664231
49.9191426987
44.9901939669
16.6210552400
17.7632712931
16.5969989561
18.5225741388
24.5339301125
66.5155643412
73.1092942854
68.6233734179
43.9956975146
42.5228711193
19.2360240690
16.1926479761
16.1926476024
17.8688055472
21.8290865373
62.7587951483
73.7837061468
43.8716981818
62.6756148750
51.6300736533
24.8622249108
28.0623964360
43.5948811505
45.2917043694
64.0059744870
57.5717769402
30.0342398350
29.5199560178
42.4237987842
30.2334152230
40.3259175156
41.1818869311
35.6861206285
34.1313232157
32.1336492164
28.4023864425
33.4454517933
39.5042450225
44.4397946820
44.5791601855
38.7143229713
22.0899847974
26.2228606075
46.3326398314
41.6589071568
67.6166265956
67.9229202408
66.2311294475
0
76.4691343607
68.9070394427
77.9343724601
72.3515796291
33.0946134346
29.9279933080
19.7500543234
20.7245081024
21.1494376918
7.53210790305
0.968994433682
16.1681775993
1.29403669497
0
0
8.62886337073
1.37972920541
13.9116480149
56.1155451951
57.8638624572
78.7711275033
81.0266295309
54.8873035097
54.6194712127
54.7695092927
77.1797003827
79.1151983594
79.5393533246
16.0159174273
14.4478011628
0
0
29.0163946743
0
0
0
0
33.0753835291
40.5217810660
36.0377163778
32.1363694922
51.8210295825
45.7530503101
52.7909021091
0
0
48.7635062647
44.8121072904
30.4410075918
0
0
0
0
0
0
0
67.7119881619
77.1449052061
72.3179918692
76.9625147715
32.7353410906
46.6211452146
49.7616688016
44.5730575026
22.7600550162
20.9175331632
39.344677953
40.0179187425
40.5507999178
34.8497966920
23.6540679998
18.9920011024
11.5519636098
2.17105409069
1.99009226832
23.5688150363
9.42755236845
15.5653874752
15.1480698309
0
0
0
0
0
0
0
87.1187264677
77.6176058683
71.4891243986
89.5801896607
90.1205487563
90.2078009364
89.6686754415
88.9697013830
80.8910674737
77.6188667215
88.6375999887
89.5940756738
88.3117445054
89.3814024400
0
82.4713046906
0
71.0021737675
75.5768993080
71.4792285820
76.9296906634
72.0062886265
74.2313871293
0
81.9543584457
82.6879296209
0
0
83.7074869743
82.4566456524
0
78.1485674922
84.2966570499
84.8291524466
82.6991793136
81.3125257906
21.8575101520
20.9506589356
24.1022714030
22.9987090149
21.7100188672
21.7096389255
27.2273246761
21.8463014387
21.8519771682
30.1399632260
23.4082192677
22.8696909912
56.1785979791
62.1907809977
57.1556464666
63.7004158693
16.7858649362
21.2040492661
26.8872920142
44.4859979249
15.0197617952
17.2365836347
19.3159040416
49.4337877061
33.3138920214
42.2698505331
35.6619357171
0
44.2251789502
49.6391636351
16.0069866791
22.2081521785
58.3156694644
58.1674479367
57.1015899890
53.9139642682
46.5873598805
47.1647185049
47.5727422659
47.5135259218
36.6414320611
59.0206107968
58.7017088325
51.2661938395
28.3183954358
32.8334678923
50.6223789580
47.4140933500
42.8662999636
31.7810454749
51.4604446874
52.3402092837
53.8885400154
63.4315292044
60.8548310592
61.6640863025
48.5274267321
59.3191433920
59.8619499635
60.4537575327
58.7356729415
57.0885803175
49.0267348994
53.7684101445
59.8745037017
57.1934474998
57.6575608630
59.6907583489
57.2614525213
45.0031755064
49.0996717173
51.4179578039
54.6702628226
55.3921253003
48.2557582525
45.4944790743
48.7719975075
51.9464325377
48.4954662612
50.1617230245
78.1231806630
60.5920091012
84.1036628282
85.0957618326
78.7068629019
90.2262867599
88.5346659311
85.2355647386
84.7958078319
86.2412179118
0.47737887498
0
81.7190497510
0
88.0594593080
88.6139291570
86.8914592230
86.1847834789
88.4394838794
87.5038808220
49.2550425084
45.9222504625
48.1701531654
48.1701567730
48.1702711337
0
0
0
0
0
86.6354578236
80.1401968322
33.4772236519
58.7342027691
49.3057763549
26.6784816181
33.1978754398
33.0057689835
65.5514406859
59.8064431966
58.5403195303
62.7373218143
67.8684263448
50.3383128595
51.8807248162
52.7212685066
51.8322740761
61.7796559987
71.6020107546
70.1659326189
51.5404572788
41.4226289421
37.8102723808
25.1563220412
17.7252809725
15.5966498153
16.4434109731
21.6077002970
24.3914126830
35.7310459514
40.0708437865
50.8890871090
56.7155541866
60.2870430220
54.0487132227
27.5213226391
20.2971012712
20.8011106817
21.5318137438
26.5109416580
30.2029692433
36.0932578566
39.1803772790
51.0880117957
72.2951155115
70.8675994828
64.9692847154
63.9703835499
63.9065321979
65.2565681834
71.7467387211
74.7533688867
72.9690500594
77.6594607397
76.6737884811
71.2560123026
67.5312323295
68.8283574112
70.4376400323
74.2866127166
75.6633663176
77.0155864127
69.8283923857
49.8900817677
55.4570106081
62.0197296274
54.4531160257
61.1821668733
63.7551711380
51.8808259146
51.7301495723
65.4786260712
69.6718928358
66.3955540009
59.8065435479
59.6555393309
71.8985338767
75.7696924034
48.2584347258
0
35.8241111669
42.4240854494
22.9317901426
13.7811203673
17.0397300618
16.6623351030
34.4776950833
40.4066531191
44.4259035238
56.3984384424
61.6011894775
52.2810505247
11.0679757806
12.6064818897
14.1200589806
13.7117669410
33.3818391284
36.9627938121
50.0748049796
46.9084176431
50.0114708813
50.0114673842
50.0114677225
50.0114663608
50.0113971505
50.0114443960
0
0
0
0
0
0
0
0
0
0
31.6902537840
28.1185549452
76.4800787122
57.5706609494
79.8872724158
59.4091830735
55.8967048919
39.6430768961
23.6030344326
37.9980708147
49.8432986156
49.0176643968
37.3485477320
26.0574331949
33.5721335323
41.9494306424
75.6948080263
77.9059678130
78.3539654592
76.8341334988
68.1106178135
73.9981966195
71.6707618699
70.7492154086
48.6826816552
70.1837368286
75.6225167255
79.9521509860
77.3238794351
80.3865774177
77.3629537186
80.7101363450
83.0793784855
82.3114215867
35.8720463556
45.3425475029
46.5612031220
47.7213611234
45.0920220010
42.3826975847
33.9265041506
34.7959832624
28.9560305757
28.9744859081
40.1313305234
43.7061690207
40.7803893249
37.2918556848
35.1063240554
26.0221900651
26.8144117571
24.0999380735
0
0
11.3247597543
0
0
0
0
48.8862133076
45.4146840560
41.2586946689
38.6346279218
40.2003118741
0
0
0
54.3540649107
46.1860651418
44.7199173470
44.8726150494
44.8739359814
46.4850360861
46.4331910295
45.9484341609
44.7605274223
43.604992606
42.4942416906
40.9098557016
41.7777371878
55.5169940300
48.0851132985
44.9042363099
44.0616960186
44.0507234619
45.4667179617
45.5194843495
46.7493780725
44.7142076769
42.2988182457
41.4569732967
40.8451065840
55.3733526222
58.7125979019
52.6536621017
53.1410749230
52.7367901472
52.7269618111
56.1878682234
56.4087922277
57.2646039640
53.7952181852
52.3290329061
59.4761051452
59.5893677131
59.2258292310
62.6579356011
64.7297052096
67.1841579280
67.2312909218
60.4959179712
59.7474756148
67.4042250088
62.5551032826
39.8087433067
41.4274772625
50.5280170652
43.2582998744
40.9283389001
41.0716154302
41.1573445902
39.2639127268
40.0791765062
27.2788270072
0
42.4590071731
39.2059022814
34.7452864824
31.7812444712
29.9128092199
27.8987321819
28.9851452328
30.7941981398
43.2936340583
0
0
58.9489177587
65.9928631129
53.9595228508
59.1980916644
53.3869385088
47.6550843388
49.9912254481
40.8002625116
39.8614375207
38.7359133567
37.4617275049
39.8706399748
37.1928134763
39.9977319821
36.6249332184
41.6741388003
52.1082949111
73.4856050710
77.6812000050
70.4457047588
71.6939391057
71.2842616963
54.8600141162
59.3634334113
65.5529711756
73.8752029221
65.4562620723
69.0439512912
67.6498048466
65.6003670771
64.3177272565
73.9873872000
76.6409601531
74.1684692316
74.1679048381
74.4874771840
78.5093944587
89.7067720598
87.2875393343
70.8962688337
86.5938225027
83.4328884870
64.2888648416
0
0
0
54.5394443904
63.5165882110
67.7024779154
64.2888648416
43.3557417777
46.0022697139
0
59.1340902964
31.6821056785
31.4091300574
0
0
9.88759532110
14.8660661839
14.0902432712
10.8328044940
21.8537650184
17.8833680621
23.4213634632
24.2730482566
0
0
0
0
1.09661492419
0.514029385198
1.34375880112
2.71716625690
58.7589649405
43.9553053716
84.7178521431
88.1653822627
73.0906047203
76.1032112245
80.8694807288
76.8682124422
74.7666056620
69.6840336401
56.1497512799
63.1772100696
35.8643558244
13.9871262440
13.5778896339
0
0
0
0
54.9270065001
67.2763894849
31.8070479895
20.1038113539
16.8102420868
13.0234639791
9.61750456100
1.49612298417
0
0
65.6150187165
0
60.2795411261
62.6663366375
62.4533218476
62.6829841235
64.1517588914
63.4100119514
65.9831852548
20.5040187131
10.7300677583
0
35.7606270355
0
21.1844412694
19.5451786540
17.2205373889
42.8920967562
36.0463727793
0
14.9025943524
16.6290805372
0
35.3422995594
0
0
39.1823833676
14.7417687677
0
0
0
0
14.1345944702
27.0250643718
0
0
0
0
14.2810961208
30.5612419529
0
0
0
0
7.80640896067
11.0357623820
7.73399730796
62.0818047498
72.8423918459
78.2207859691
65.4956096939
60.1012506521
59.2604143799
61.6568250621
71.4207830985
80.5518652639
82.1582350046
68.7073935174
68.9437989888
66.9717250394
65.7599206572
0
73.6884962959
71.8175153010
71.5503914178
75.5595142035
77.7389237375
83.2417944247
86.0538566864
85.9533674352
76.3808469793
77.2586715566
76.2373599881
78.3277088252
82.5096288029
85.3089936642
86.1485778826
51.6293509260
0
76.5221084190
77.9717369224
70.3272501882
48.0304131442
80.9900994613
79.2221174438
79.9054157223
73.3708982222
79.3283680806
86.1094358244
82.6323068157
84.4522603938
30.6294640432
33.3243045988
36.2109489923
31.6743667584
30.5627417374
30.8123638982
34.3359242900
34.2222900268
30.7532525879
31.4153676337
12.7041601814
4.45101452636
1.12654328196
0.680857981954
4.94496166275
9.78647519235
8.65689101345
2.88530658745
1.79156443456
0.573634169605
0
0
0
0
0
0
0
0
0
0
36.0081961310
38.9741134142
39.2584259102
30.5566936888
40.7730129045
39.6401275213
0
0
23.2174159041
28.8206983795
26.8833258156
26.3087619965
57.5844749861
51.6605136254
0
28.3352348214
22.9497306996
27.5501389880
47.8712996649
42.8490577172
28.7243715851
23.3165942120
39.6010563269
38.2155158504
43.8275817491
41.7332594276
34.0948130925
32.9259175693
40.7445609256
34.8109860698
36.9842360717
42.7986046353
23.0490378239
20.0841164913
24.2516681981
29.7265914913
24.7234609501
20.0857007428
24.0387167453
30.7130540593
30.9378475469
31.6701433826
30.9850448357
30.3523879482
38.5016526666
32.1922091087
30.1436098518
33.5353780319
32.6400749916
31.7466449988
35.8352267844
37.4598294952
33.2074117064
33.5439433334
37.3354568752
39.6773318323
16.3012861617
11.5882606434
12.7205830937
25.8527932156
55.4683320684
62.5499788567
68.2405972050
78.6705776880
83.5231083323
82.6263641603
77.5942729277
66.3628082002
18.6326547487
15.0717836512
18.4183766985
39.5026573861
38.0270955292
15.4354260193
10.8564501226
13.9516853244
31.9490367901
56.2985314132
63.5147841447
68.8847448318
76.7680972720
85.8618299058
83.5541460397
77.5060186247
64.5044089008
16.7718137502
15.4777353994
16.2701874255
0
0
0
0
0
0
3.98635208881
4.28461701521
12.8274407221
0.592464899379
0.714626204721
2.28175050262
16.0074955808
35.5144679890
28.7423527571
23.6244127122
20.3622587532
16.8898320234
22.7772594905
32.9340948562
28.9981943486
24.1513863059
22.0464094814
22.8938153799
44.0571052184
51.3003078232
17.4606560284
18.6213340614
8.67051973231
0.422679683483
0
0
0
0
37.3061846044
49.4556593840
75.8242777632
32.7496165347
32.3866451618
33.4951146304
38.7277927056
57.0922116041
74.8374032054
27.0795839595
25.9923729774
28.6914075974
86.7305402415
54.8926008023
51.4688251535
65.1238337940
66.3369822282
74.2639699641
89.3301648344
89.9152825933
87.3379380564
75.0750196879
79.5293925199
81.6825397178
74.7493954597
50.5012414976
17.9387443402
21.3525973454
17.0658332227
15.0134132498
0
0
18.1321796954
0
16.1114121627
14.2597022698
15.1595651661
23.7398267329
22.0933914190
0
0
23.5920883667
19.9509789579
0
0
0
0
0
46.7859931241
53.8378992700
18.1789107901
17.9670960723
16.6650886820
15.7448901251
15.7448906047
15.2972067512
35.2493453901
40.3664246407
51.8020961438
17.5371861189
17.5311803947
19.9508231638
21.2538714897
23.2749030945
24.5275175738
37.3596024027
76.8169645723
74.3154878362
75.8441344948
76.0223296133
78.0543753166
74.3956889034
79.4802033448
78.9317883280
60.4393851677
64.4560720291
70.1404613111
74.2139416144
66.9978821886
70.5909050655
74.7847927624
75.9879471918
70.7441475392
73.8851104400
73.7458074622
73.2683301010
80.4568509853
77.2413176092
76.1395602403
77.7112383183
77.3033276915
68.3155037978
72.6216886446
75.6104828902
77.3981220496
70.1992673256
76.0161939629
77.9776682752
78.1653869056
78.1665937798
79.0351132398
0
76.8820374164
77.5567404340
78.9679029697
81.8262850256
69.9970056106
76.2879673387
71.8444385153
72.9301536551
78.8950625260
76.8318978632
37.7438191019
49.7666102512
31.8318525938
29.3336389468
36.2442333186
39.3416759306
41.5149633357
48.8993450258
45.3824221816
39.5872101392
38.5321767085
34.8770636970
41.4531182145
59.0745624048
26.5055804318
27.3012578293
38.1226937344
41.2876353682
44.2411435269
46.1692344745
45.2341951964
40.3893373691
36.4543502258
38.7984958037
43.7334068270
40.4792080090
41.4591572601
41.1551874529
41.2881187086
45.1848273998
37.6048259560
34.1833521667
0
26.2945480113
36.2509022892
0
22.6057336410
27.7968953136
48.6758038901
53.2289236771
46.7319962156
46.8658317643
57.2499106968
62.4172948038
50.6728334597
50.1985564673
21.4265846991
54.9462118031
40.8693833885
19.8922346812
0
0
19.4516424321
20.4500978103
0
36.6939023555
35.0350233084
25.0365811196
22.6875383190
21.4124635807
22.1358742335
18.8397923179
23.8498858627
21.6121194757
24.0753161792
28.5269593599
33.0758108155
36.3026258393
29.5042052692
25.6803593256
17.2193737616
25.4124730858
20.6937497398
30.5275746710
33.1852833779
29.0846402890
26.5830234177
21.1547232397
0
24.9710619350
29.6782499362
22.2919863132
22.8141037026
19.6955953067
24.8422836192
26.8994282915
19.3574222180
47.3313681764
10.2010616515
13.4414856077
42.6726601348
15.0448293946
61.4330405269
0
0
0
0
0
9.32436783839
7.79553010944
6.17360044664
46.2507058099
16.9514636537
36.4512663726
14.0433056218
9.79487085162
1.99777982221
0
44.7929609134
37.9457525366
22.1491927616
0
33.7190678494
40.0962391581
57.6529192809
21.1045613167
23.8965333783
22.2512482742
0
0
18.3636706353
20.2747315990
27.9270909836
33.3523100324
44.8500024685
21.7421752044
21.5998269291
21.7660989143
16.5085362061
17.7537038287
19.0666170065
21.6070010064
23.9994904587
22.1355521017
19.3009914489
15.0243003737
17.4572218467
26.3028047698
25.0300560090
20.1779117644
30.4449904101
28.2878360659
29.5523741892
26.9532003701
25.4993509167
35.3513347005
25.8920237621
0
22.3257303717
33.5410456021
28.8416575115
23.9915592563
22.7604974678
17.2691624247
29.4381547953
26.8953053423
24.9367819881
24.0077492704
23.1562090141
3.45679851293
31.1651690276
0
31.2130337810
23.6997076470
18.5374879492
18.1566383059
14.5926647415
0
25.4089466489
25.2009176245
27.7858505384
24.2752494995
26.0119922390
27.0044619574
28.4626683887
26.4625185860
21.3144574198
23.9822600553
25.0863197163
24.2969790597
22.8752329062
22.9079414549
16.6826420205
29.4420425508
0
0
0
0
19.7315966371
27.3028929748
25.6613853175
0
0
0
24.6203187648
31.8583817751
40.1576829266
38.3043289938
25.6736622684
23.8946304345
23.5041454353
25.2239648047
26.7583284017
38.8351206101
46.8871420377
0
26.9975480701
23.0356429288
22.6457294838
24.6770657439
52.1460443590
46.4324036632
52.9053310457
51.8920686935
45.8467549870
44.8998122632
46.7036984907
46.2857355339
38.4425393213
49.0103629468
16.3643797745
13.8925412168
0
34.5506257869
0
39.0456699555
0
0
0
0
70.9518456744
87.2372958739
79.9665470738
66.2235682381
85.3786394950
78.4366168593
71.1851256272
83.5506392698
83.2668659397
79.8562002030
68.9115623742
85.1760006217
0
78.4394588227
64.8412444083
0
71.0319242799
69.9067753969
54.7087744344
52.1534432657
65.5693579614
61.0265558726
65.9922974425
75.5316345621
65.2515681244
0
32.0450379280
19.8716913987
18.1742209819
29.3698920562
20.8310162782
17.4809099508
32.0450379280
19.8716913987
18.1742209819
29.3698920562
20.8310162782
17.4809099508
52.1413933608
53.9830224500
48.2460963571
42.6002072952
30.8408523282
0
0
0
97.0916001043
0
0
96.4664094986
96.3645158591
96.3545807392
95.7565777355
96.4827126634
97.8216340928
96.7704931718
96.6623893282
97.1786446699
97.1207195811
97.2638719051
97.6581522991
97.2341986818
97.3127385443
89.9698759130
93.8530011281
95.7010362466
97.3127392123
92.1300773740
95.0879350333
96.0544844344
55.5980131445
56.0908484101
54.7619800003
56.6730450742
55.6955986401
59.7769607848
57.9461039265
56.5427324516
60.8944087395
59.2929394776
59.1057810606
65.5312544904
50.7179102719
54.6655096168
62.9776141928
57.3207319854
55.3491354359
56.8381716882
70.3781674352
57.0435705031
54.8131604478
56.9350843129
69.2607936096
59.0000132065
66.0413427676
58.3475451988
58.6611698936
56.8959405945
71.2959380593
64.7414797797
62.7614334949
58.8829714594
71.3815253446
71.6784944102
69.1690634221
67.5520268022
48.5765175179
33.0858496498
43.0492096106
46.0778820195
43.8884762184
0
36.0368544025
33.0802817774
17.1597903123
21.9384621363
48.7777700938
20.4992557227
24.1869664903
24.8321193266
56.4734032956
30.1125062699
16.9253476872
35.0951654291
39.2481319338
33.4302693337
28.8538683109
10.3253960659
9.68290098151
10.8104893419
13.5411995707
14.9434772331
23.0360585885
34.0846982443
34.2189351324
32.4187788513
30.6850468331
18.9535776897
15.0545835000
15.0513140493
15.4856028234
16.8938501802
0
17.4872417950
17.9516042308
15.1011435601
0
17.4872417950
17.9516042308
15.1011435601
70.8460222524
64.5423959267
72.3788497796
64.0248802209
70.0828405381
73.0268519656
63.3033259381
69.7203348418
66.9727958761
49.3715644818
69.6762876354
59.5190682313
67.2543646830
66.4872268160
19.8330475334
21.4865479942
20.9650599859
19.3126382482
0
0
0
0
20.0839331302
19.3918369451
0
0
19.8330475334
21.4865479942
20.9650599859
19.3126382482
0
0
0
0
20.0839331302
19.3918369451
0
0
25.8829670148
23.0207407645
27.4168393626
25.7714908028
25.8829670148
23.0207407645
27.4168393626
25.7714908028
38.5494857055
0
0
0
0
30.7668536194
17.6710799877
0
0
18.0118662286
43.7088319195
52.2263867376
47.8208175614
36.2022599086
42.6625339203
44.2512552104
43.7088319195
52.2263867376
47.8208175614
36.2022599086
42.6625339203
44.2512552104
38.5318075988
38.9141782115
38.5318075988
38.9141782115
28.8031024282
32.8890970727
28.8031024282
32.8890970727
95.5601031354
93.4984776694
95.5601131133
92.4829605241
96.1946705714
96.1946705714
96.5600004543
95.5971321209
96.5600004543
95.5971321209
20.3458977395
20.1969031853
23.6110081923
24.8568218018
18.6535866498
20.5380640985
0
45.8953645785
64.1159550751
0
55.7718804103
67.0697739389
41.0374815481
35.2897921997
40.2896822169
37.3992060800
47.1352240220
48.0860779250
0
0
25.7460123071
23.3479846364
14.6377445099
0
0
21.9864326528
12.5160768033
11.6891850724
0
20.5082221832
15.4479291322
0
16.0104263754
0
0
13.0921810478
61.3665320743
61.1708279136
56.7313600963
59.4443251935
58.3069563728
0
1.39962540865
57.8226715028
51.2333574002
53.6529241168
65.5155766456
36.5923297455
58.0077732820
50.5141770978
81.3179924058
72.1853738784
0
50.2093875463
52.3112697627
62.7003417368
67.9272244799
82.0036167027
57.9171975768
64.8383667778
72.7824571320
78.5907040280
81.5833239132
1.22538937192
18.0987999010
80.0421389914
87.8427988354
84.4807647788
0
1.38908225254
1.40087820108
85.2606697463
66.5410424617
0.453957633419
66.2226485002
0
57.4457282766
0
66.9604700041
0
74.3797648919
76.1681059905
68.7590389211
66.4028139314
64.2534028955
65.2818369068
64.4822009248
64.7695810966
65.0221774413
67.8937648473
69.4157391535
0
0.184289992099
64.7034212736
61.3758093039
60.3758850419
60.9281033501
59.0571772159
60.8059879007
61.7067328641
0
0
0
0
0
23.1745583113
24.3700335652
32.0690871830
34.1544895379
34.5310857882
32.4127814615
20.8687351928
14.4101789390
13.1683081177
0
0
17.9182288507
19.9805998037
23.8892730311
18.9652156276
21.8613717474
31.9677323671
0
0
0
20.4393839070
18.7945446804
19.1749474811
22.4804295090
24.9622557312
25.3777798709
27.7691638091
52.5210361411
23.3003072756
35.4599404945
48.3759467529
36.9142691557
15.8180078367
46.4502909987
0
26.6929515714
34.6046746342
41.5975699567
33.9600424443
25.1247274654
0
22.5923163303
18.4308061503
17.5744453112
19.0626350042
0
25.0620505129
25.0756069366
25.3961318610
59.7549800287
69.8884735498
67.2622962971
65.3994959151
57.4830334085
55.5929682936
55.6847549969
51.1507424046
67.6285951300
60.5010533370
60.2663002831
50.9792515181
48.1252458679
48.6872992426
40.8000791009
29.6140774143
26.2186557481
43.5698306143
24.8675839458
19.8880695483
51.2720695589
52.0560271566
52.9564134177
58.3889263336
0
0
65.2376740124
65.6033720975
77.3749677368
84.2887855357
79.3578038259
73.4181413490
71.7223904871
81.9676999649
88.1740728564
83.1119262787
77.8617179928
77.3802425835
39.4093074185
51.1820825136
57.3283942332
47.1295045809
0
39.6642219527
51.7055238890
52.0550452792
41.7082590700
0
58.4117116924
55.2990742116
51.4267119562
52.8511469649
48.2034149102
50.2936742414
47.9110202658
46.4190204791
43.6848545894
52.5679122258
56.8832129743
61.7187077508
60.9296915216
59.2065906726
61.7578826176
51.6105736451
54.6351892362
53.9424398688
52.5546043548
53.3300998154
53.6664461953
51.3123535404
53.6631004869
50.8088686101
51.7599997733
49.7730618469
49.8281031837
50.4437420944
50.6012670881
52.8653159521
55.0075300247
51.6265258759
0
53.5898179784
53.8686837008
54.8703694338
55.5427032808
56.230678468
54.2148815748
54.8320762640
54.8544513924
56.5993970640
55.1895577345
54.3660636110
55.8453876302
53.9654579805
55.4832323214
56.4456789971
0
55.3270207938
51.8213733080
52.1557284518
48.2547205995
47.3831346615
46.2010107319
46.1479903760
43.8738177562
43.4982615254
59.0736832976
61.3859798254
62.5958989631
59.6075845470
62.6395441879
58.6783136519
88.6749747682
78.2015583321
76.6998482537
76.3417363455
77.4460394405
79.8403420767
84.3315206450
90.6525870087
86.5321433784
84.4178044769
83.2290576325
84.0564827804
85.5811902728
88.4858366828
80.3812960412
65.5965515689
72.7968754762
75.8482126768
0
0
80.4558532415
78.2397955555
83.9166435106
84.7726083922
83.9350343794
82.2286172333
75.9278189773
72.9702348152
0.918691757963
81.0201136449
77.8955550514
76.7886470574
63.6290386198
64.5921399352
59.5409413348
0
46.1106931225
60.6110600996
0
0
0
21.5062653683
55.4430463016
63.6488397793
47.0533572758
48.6225019599
47.9697359825
52.4204495044
56.9167900778
39.0266590645
66.2885183854
48.1009598055
56.9167900778
39.0266590645
66.2885183854
48.1009598055
59.5518266479
65.2727793177
59.8519821216
63.3024846518
65.5511480851
0
0
61.0148165343
0
61.9752292676
42.0582410435
46.0563292749
29.7421685582
34.5597777778
35.4453903550
32.9119977676
27.0160367114
29.0675504137
46.5102640619
2.50510416529
4.90274795262
7.04394447006
0
0.138669410913
52.5508715441
49.4467838395
47.5684268878
48.6910553529
46.7365501951
42.2473783735
33.0701938078
45.9430592072
31.5033480308
28.3740527478
28.7992037364
27.8606740696
29.3925997437
28.1853584933
28.6547787386
26.2059157173
32.1985563258
40.6476184786
33.5776261493
30.2431451609
32.6911977309
30.0070414363
27.8362891486
31.2508880223
32.6664152548
33.6330041403
48.3748669575
54.3268179137
10.1422354074
6.48871087282
13.2820790605
10.4906482739
0
0
0
0
60.1490622058
61.7366306063
47.5923067112
47.0813937976
46.5521043362
48.5165499403
48.4398343914
54.4999234742
54.7041128598
43.2705170729
50.2803262965
49.6158116841
52.6496850617
48.3034207896
0
0
59.0607469646
59.8794240605
65.3673943107
60.1231856112
58.6436862818
42.1710504951
23.6130688584
14.7964316104
0
23.6945818235
33.9578407159
0
0
0
0
0
63.8339911154
67.5607956411
66.1012468836
62.2952729163
58.6976917685
42.6706583450
23.8164993317
18.5531094354
14.1918861372
16.9110075859
43.0289909033
46.5115653943
38.7121914011
28.7182363098
73.4911230220
67.7490064629
72.7032991906
73.1583091268
66.0387690496
70.5385245784
59.7018110107
58.8182354626
66.9853638681
58.3329290265
60.4062484294
65.4782577646
60.4059669482
68.1648593359
74.0635182652
68.3363233025
68.8192738665
77.7856200430
0
68.6700385922
71.7254250995
64.1946200325
45.3301219164
33.5199585936
26.5902337459
25.8029736103
22.6470447727
76.2801197244
75.8027832242
70.4157137591
57.4895298229
40.5350353048
30.1951028196
25.9552405319
0
74.4142317639
61.3815006073
71.4955431289
0
67.7434944541
76.5594556174
68.3811408894
67.9980670612
59.1100007501
56.9516013155
69.0436354845
54.3601679801
52.8575128261
50.5935218971
65.6667341143
45.8222023089
44.3170954658
7.15646995612
17.0616462382
3.37906688017
0.331716222262
23.3355439157
0
13.3637717443
0
14.4530356166
14.2804838909
14.2736121611
17.0474545673
63.8405282092
35.9888768748
13.3637440382
13.7520584588
12.2409253841
17.5482974442
64.1861231856
29.0380511699
26.3305619248
0
14.0811398657
18.2515514133
20.9422518340
28.7641169300
21.7625464903
15.5089450472
16.2694303852
18.8403469182
54.2052486246
0
53.2163271790
51.9903554018
38.2085449012
40.9718484471
40.4724773824
42.6312759949
20.2815086158
17.6421879246
16.5566310087
16.5251787546
15.0568837293
15.1249907770
22.6815948559
34.5514414975
25.6947979017
14.4201660351
12.2003382766
11.2187045768
11.1738282624
9.97991684944
16.6213427520
33.6030150024
84.4854865906
85.1953607083
34.5239852012
23.8776642474
19.0846755242
39.8323523998
22.0154309242
24.3699713155
19.3108722267
20.9621681881
0
0
0
18.0429966197
18.9310567428
22.8883428186
21.7235186790
0
0
28.6736273916
71.9626008630
73.6794656770
71.4888431903
2.10367949429
77.0506043730
0
76.0489767180
71.9451150052
65.8191622398
66.7438718983
68.0900489737
0
73.2296288567
20.8136266389
0
0
0
0
0
0
0
0.146114797997
0.456020455506
0.875422265682
2.35625455460
0.594021355192
0.594021356236
0.594022071361
0
0
0
0
0
0.175907793453
0.025392249823
21.5330673644
14.4363959591
10.1077873541
0
0
0
0
0
0
0
7.69485442632
27.4283328985
13.1463263231
9.57111103371
17.2471256172
9.25395466660
8.71330778979
0
43.4807874684
67.3299997217
72.9724079731
74.1041578756
68.8733375947
75.2999952517
76.3908357660
81.0792914943
81.1633613629
77.1830722400
69.4404324267
70.7928956258
78.4465128833
73.9850426962
72.8773152627
23.9511584992
31.2716328999
67.9315490367
37.1184445871
23.4145155290
28.8769134335
41.7255577174
68.9590411253
35.6751708830
24.5171077064
55.1195143229
55.5709317515
62.8847029476
72.7854638833
65.2022656180
67.1753468543
74.5401282354
73.6307667107
64.5530452943
63.8960307061
63.8960507397
63.9143152381
54.8611539665
56.1469900273
65.0730565448
67.3199518095
55.2614137126
54.7933816383
54.7934004070
54.8611446393
29.9412198242
60.2987920989
24.2369304559
22.8495465134
28.9374267252
30.4987350326
29.4382389178
31.6186770516
27.5794387393
60.2988223437
23.7214588982
21.3252726800
30.8898106664
34.6870138964
32.8782978923
35.0991592528
58.4830717329
21.6333032103
46.7245838244
51.1957750445
56.6110748889
25.9819991815
39.7134032848
47.2244691948
65.8255900479
52.9614519039
60.7306832727
54.7568360873
57.2008929619
53.2490975253
50.5112878241
42.9771436798
50.4424821538
44.2668888016
74.3547019776
65.0711914786
67.2184128677
67.2179945577
71.6490717702
72.0302521512
71.5902851223
72.4775985133
82.6808157183
75.6201912896
78.5571782623
80.5083326649
80.9005051257
80.8893055157
81.0582054265
81.9371560731
0
65.3377220158
58.9109783208
60.3234450675
0
0
0
0
37.2054348990
0
20.9866571085
65.3425677369
0
62.8144587350
32.5568844354
22.1576693479
21.5924943570
22.1236019791
63.4333316468
63.7161223265
0
74.5709934270
67.1353367976
76.9237216702
42.0546379130
51.2331299605
47.0364533679
39.4977954186
43.8046377718
40.1445559415
54.0430546756
50.8248547478
45.3833703977
39.8515689371
44.9005955746
35.6033828846
38.2288986880
37.2454007581
41.6110606187
52.9047193990
47.3018324868
37.1042384853
37.6893780204
41.5906786640
32.9681283720
19.4955042680
23.5891027094
26.4517646889
23.6788098588
23.0776676097
21.7767426172
15.8960597692
31.0853229402
15.7901051054
20.8877124712
20.1646390399
23.4152466795
22.8774875559
18.7274202619
30.6957676285
61.8824540426
0
0
15.8979613150
15.0615644200
29.6898079151
48.6509121493
57.9019105080
41.7127862146
0
17.6825459291
17.5848638924
23.2506150690
43.0451922482
39.7683865031
43.0120142400
40.2672729058
39.1082081529
40.0425350503
37.2147824022
36.8705707060
37.3634201339
38.4312293856
36.9909294733
46.2115248515
45.1465517319
53.6574421553
50.4954658718
42.3221919050
42.0706437314
0
47.0066133317
0
33.2091500273
25.0385052241
27.0057426359
37.5266274551
30.4645955225
21.7329950575
0
40.7242927168
20.9463981018
26.3058420610
35.5450894932
31.8094716895
22.2262449467
30.0834796071
35.5562104150
51.0956945362
35.5111512860
32.5784323326
51.1207530200
0
0
0
57.5054855616
56.8275033076
63.7618075250
66.7998915948
62.8077313816
55.1602470091
45.2451086078
48.9789394759
0
0
0
0
0
61.8547969840
55.1179115020
49.6316759326
66.1933500628
69.5721848591
62.3758832036
55.8480669728
38.9280647156
45.9626856243
49.7938351458
47.4736602227
44.0826425815
46.2552928130
57.7480027032
18.4505945165
38.0089404625
32.0989889833
17.4385272729
17.6768381046
17.2577224391
15.3703251567
30.5638934772
27.3476595537
16.0681165061
16.4141834925
16.2227027514
14.2711867468
13.3744508334
35.6848216658
0
16.2305633971
20.6804552071
0
0
11.5969051095
11.5969052258
12.0093675733
15.7393804293
15.7393804231
36.8233163697
0
15.2369871332
22.5533430068
15.6849768248
15.2274961907
15.2294960838
15.2294958951
14.6700164376
54.7507926938
78.7769968732
50.7103415508
53.4207750700
54.5212876429
71.7964251034
78.7769973627
63.4187096742
65.3830204455
67.5281079371
72.7987442043
45.3458577651
55.0877990373
66.5401404603
66.2634377395
29.5977172315
32.8201890946
43.9719092359
42.1783792291
40.2801147252
42.1783792291
40.2801147252
35.7205520071
0
45.2946797378
38.413113796
32.7648687120
38.9829366862
32.7648687120
38.9829366862
21.7440177945
29.9976508183
28.5474505148
36.1077852857
28.9263605366
21.0662640852
24.0935106007
24.8625053671
39.3398923753
29.8457984665
44.8118350620
43.0563681195
41.6017674205
0
37.7142231950
44.3718764106
37.5508833185
14.8272787827
0
24.5185789172
63.8462940298
66.1973725277
56.9371028569
58.1987686019
61.7985418718
56.8783664367
63.7167902308
58.6036159687
55.8680836567
58.1282354630
68.7809476277
63.9572987269
68.6027031910
66.2630485692
0
0
0
0
0
0
1.91849302076
19.9565209873
7.92828083394
4.41508314472
1.92597504143
1.92188425252
57.3447912807
59.6391160532
65.9684404396
60.0241155377
60.7100124878
59.2293021175
53.6108143251
53.5241341391
54.3915892684
56.1877991501
60.75495729
63.1577078762
62.0318335170
62.3753277016
58.1016055602
56.3683448820
53.3998849268
54.2080989085
74.3227078743
33.6942850709
42.4615911669
44.3858527516
45.5632905199
32.0749668910
58.1617218133
75.9724534614
45.7069111341
53.8141814639
57.9371240641
57.4343534673
27.8449348758
61.1089530493
33.3528330801
33.7723884834
31.9467823157
38.7829441008
32.1516722638
37.9100138447
42.4848358396
47.9391796241
51.6017860739
56.9224169642
55.5428153807
23.1001848517
10.8319607538
11.6841929797
11.7324299355
11.7350571167
11.7365010304
14.0484779705
23.3617514115
35.1243852908
38.6643896736
40.3674544250
59.7101211723
51.127172347
48.8362196343
15.0225133278
14.2079490725
12.9911572646
11.5573727934
11.5558807835
0
0
28.2582811150
29.3230632914
75.9025976452
67.3376249158
65.8450738507
66.0360868347
75.6460065245
82.3334371494
73.4226281169
53.9086088117
51.9893420730
51.7155851812
60.3612402614
76.8679861549
60.3582504766
74.2350416191
26.6630389034
24.7868094502
20.3824486672
13.5748488431
15.0183879038
23.4284117627
37.8006989672
41.2345409653
53.7792467112
53.0153337411
69.6828238287
38.5541876547
26.3056384326
22.9955938545
15.9125272034
18.0562276992
30.3758249831
46.6441769413
56.7717344373
60.7454570076
67.3039069355
73.4175984790
64.6090807000
64.5093582806
54.4754964519
16.1026639172
23.3273378351
50.5988938512
51.0264560072
60.7006268354
41.8173927098
48.0633753552
18.6081909058
15.3362007794
18.4239375902
0
21.2523209503
24.1632717766
23.7096331487
0
17.4833956518
0
0
31.6816286625
40.4065848499
39.8822977973
20.0485211378
20.5882170870
16.3818175995
17.9682532169
22.0912760487
0
0
0
0
32.0256348412
41.9461385737
0
0
48.5939502429
27.6680383231
37.1652889915
42.7308921933
47.1808941191
23.7341869233
31.6139024862
30.8392689846
32.4792282737
30.4185445599
28.1291750118
19.5560859258
24.6219091834
20.5710421551
24.7453184583
20.9469640315
30.0561308881
0
0
74.2804721500
77.4119941732
61.5423295979
61.7230618717
65.9874570055
83.7050959551
87.2562250965
81.1939635763
79.5094987202
80.0684583525
0
52.7339609646
49.9197509611
0
0
59.7389987074
48.7600407313
29.2574119099
75.1913987003
81.3159002791
85.4987703255
85.8495528370
86.6038134346
88.9898029820
25.3920459550
23.5392646177
16.8098062441
17.2120340548
17.2116579316
22.1293876734
29.7162753208
18.4466981350
19.2519147686
14.3502958747
49.0771529028
41.5027040199
34.9201112309
39.6824952351
48.3333851382
54.6797628104
57.2939349308
57.2462146407
58.1791521998
40.8197801749
46.5596634048
33.8097915953
38.9476723282
57.5708461252
57.9003262144
61.4657946479
57.7163306678
52.3908484909
17.1804219738
36.1450427907
43.1463962529
22.8749382939
15.0673153689
15.0339729800
0
20.6585649773
28.9555953788
47.2229956546
20.7021511338
16.4644767224
16.8852623021
17.9980995518
42.8334237115
22.8175127044
42.2837284123
45.9882958064
39.6796412342
23.3056733204
37.7007340089
38.8413949721
48.9495283248
48.1260405088
0
41.7445281049
47.4655213873
49.1835612023
0
40.6954432084
59.2099692038
61.1108294233
70.9912896317
61.0031377747
62.1917677406
59.7067071100
67.4024306933
53.3993028516
53.1000053276
56.4122502952
14.7792147385
0
30.5305422910
33.9924440887
19.8645886915
19.6261597106
11.7323686762
17.2702292415
23.6060024661
0
21.1771191453
14.7951008721
27.6579311636
40.7933806734
28.9910279506
26.7949784217
31.2672806945
24.4627210416
24.1886148909
20.5976437445
20.0945267853
18.7028355449
33.0189516347
52.8690311937
31.6723027224
31.8702415578
31.5332975039
30.4534129963
27.8421845056
21.0073232083
23.0076650539
25.6666451970
16.0345613065
24.4281717804
16.0412758980
27.6661616363
17.2042403313
15.7833788689
58.0913247219
0
0
58.8444466816
0
0
46.3286001379
35.3718251522
42.1981270679
42.6622356479
43.7326912633
35.6589157298
58.2683722314
55.3553423990
53.3394942042
52.1541590463
45.1642219119
37.7547587803
35.3638089955
40.4912705450
39.0454879760
46.0626340942
48.6856830151
45.2049090189
42.7816391585
34.5233308910
32.2227829996
27.9857185033
38.4969486531
34.5573949194
37.5326870428
38.5407687874
54.6299107361
49.9782213830
63.6321160688
50.5029141321
49.5368967693
60.8420228729
50.4029825913
46.8945221047
46.1340200835
45.0360583684
65.2857566398
57.4917408130
53.3749819367
52.0690727519
56.8295978790
59.1718182814
15.0273889751
16.1290851725
44.1134862111
19.6974274597
15.7826844359
0
0
0
0
15.8168156119
17.2764617143
17.7123015093
30.4010281946
19.2474844536
14.4749654601
0
0
4.47665622754
17.4872238745
18.4113005900
45.9984850248
46.6122091848
50.8300408406
53.7821162559
52.9481020391
57.7206032226
60.6576835568
57.1391601154
59.2488259615
56.6131766134
55.3335377844
54.3371386817
56.2846466749
63.4581710502
60.9284012035
58.9366734393
57.7274081314
61.8286824887
0
0
52.6664538627
0
0
12.5448241867
17.2824319137
54.3463968843
14.9379981219
10.7223311321
25.0791778529
16.3403125295
4.14073367219
0
49.4420430579
51.8476972554
45.5742699354
45.7792826238
48.4538964681
62.7547880603
0
52.6904839480
0
21.3053725581
10.7301658494
0
13.1090781983
14.7436734036
14.9724537046
12.3608114347
15.5240557337
0
35.4112796167
20.9280272192
13.0986485604
0
16.8172523968
16.9311642939
17.6922231112
16.8549068650
0
0
39.3899741828
39.6037308234
50.7039995228
34.2345271482
39.9439443073
26.5733641147
21.4899626696
27.3716589615
35.8217800766
35.1498464344
26.5761223347
30.6443411040
31.2162852277
35.0870385024
63.0492760526
62.5071150057
66.3740102906
69.8792252920
60.1132753080
64.1778773911
19.4630239474
24.0541511657
10.0352370571
0
0
0
0
0
0
21.0563940242
21.8121377636
20.7640423830
47.4368906530
49.5048929479
49.9369111834
44.8053928981
58.2400058082
0
0.830900415776
59.4528266268
60.2079731349
57.8735819251
56.5340437136
42.2384611369
63.1022485518
62.2393424170
62.2267662549
63.5951604355
61.5497498452
61.8881269971
0
0
0
0
0
0
16.0864210048
15.2784874870
0
0
0
0
57.3284995790
48.8087795579
70.9221359602
61.5223065369
64.4772768038
53.7415851643
71.9659573060
70.2526374430
39.8334152193
38.7506169892
42.8080517459
42.9121119429
42.8692068399
41.3417706104
43.3655867567
26.6124515236
32.6864191138
41.0804759376
0.742964307985
1.24144346172
1.76280633764
15.0184144491
0.7043604397
0.48404253979
0.484056542641
0
0
0
0
0
0
0
26.2122223547
31.9246735403
16.5966412514
17.0579326172
19.7304472121
21.1919486073
30.7655597353
24.9210526352
14.1850449784
17.4544798909
17.7519130400
19.2780409265
35.9268417610
14.6396188050
53.7557343223
64.7128137759
45.8933958221
18.3240273494
15.8806515999
0
13.5163881809
15.1696791946
51.6130192348
59.7317788858
38.1406821877
27.3099827079
14.8258482999
11.2612301351
11.0872524075
13.6537428158
50.2134946491
47.5172736359
32.9379865016
51.8045273911
0
25.2571814638
20.9016283749
24.4191031913
27.6414945777
28.6874660894
38.6334776769
0
0
0
15.4000916314
19.0237166209
65.3738895596
63.1137895840
65.6334426966
62.6232455348
68.7782162242
71.1680167358
59.8648760060
67.1825640500
63.4503504986
57.1754348426
60.1305083192
55.7802441494
58.4665273582
64.2848171869
57.1345794131
63.0140756776
48.0758218122
56.0359748882
51.6744827472
54.8534778139
59.7065192833
53.8641423738
62.4798667701
67.1798764423
62.9662963223
59.0346046360
34.6641874288
33.6841137996
27.6361596864
24.9282457208
27.4698403007
42.4163863246
28.4302501551
23.9831599969
18.4057928895
17.9887175211
19.2954362116
37.2634995142
74.2324296118
67.3904980085
48.8171987757
26.6032212130
16.4083848111
16.1072787222
24.9531525626
31.1545279523
76.2900672328
66.5463064642
45.1898935230
19.3414946815
16.5752043600
18.3899520828
17.9290692181
38.5818266890
30.1615185783
0
9.23799407746
16.1352039557
36.4222379982
36.6966264985
22.8323835300
0
31.3803588445
51.3956260019
33.2305259408
37.4394773125
53.2468199200
39.2263378912
30.2006944790
35.0946501112
25.3686068068
22.1931522172
20.3421529173
20.8679669684
21.9490243368
21.9495438539
21.6376699891
35.7816445362
30.3601817352
21.4400038887
17.7744184324
17.3654019871
19.3539744231
18.6415890227
18.9013473576
21.1156837577
17.5469183795
11.9337581610
14.3421185137
13.9062958171
14.3163696038
25.1805580268
14.7356626577
15.1038891740
16.8220475972
19.0741168627
67.2928992902
65.6968575183
72.7201478143
70.9220639404
78.5140983026
77.7623857782
76.0447354134
74.9830602891
72.5977480918
67.9922626164
0
75.6875306148
73.8949495924
72.3407963455
72.5824241224
69.2143007146
65.6350909688
71.6560839538
72.9128105912
66.0486293574
70.2497981473
71.8894137755
71.9740332296
61.2682220398
63.1014561468
60.4959063005
57.1613394286
56.5460012313
58.8085973427
64.5298039482
68.6550276518
72.2004714805
71.3377542411
74.0719519968
74.1195950422
72.5035847807
64.3419460180
63.7626102874
62.2147245047
59.6437111605
60.0693254548
61.8498159364
66.6226273415
69.3651400532
72.8879559178
72.7313302799
70.4165962378
72.2210131969
0
32.3990702417
0
0
0
0
0
0
0
0
0
0
65.3848052225
71.7685323605
65.9781085959
63.0771719479
64.5941298278
57.9552780128
35.8179386205
35.8306748530
61.3836209220
56.6757385055
34.8549224219
31.4768954811
30.5117363759
63.6479505297
61.2057953282
35.3425662904
16.5290946535
14.3105830691
36.0611269664
33.3940713298
20.7078284504
20.2896568649
25.4541424766
23.5854598912
22.1291662283
44.2368082730
34.5629190125
0
31.1471995408
29.9958145975
49.9977177693
32.1233507248
21.6078480639
33.1316723483
38.3942113675
45.5297164030
43.3216575088
39.4469212364
49.3928628102
25.9762304351
21.7972557808
37.8651596142
59.7026685661
66.2553382586
52.2301541362
55.7747755547
44.5705582580
68.3721132084
69.7678824535
70.2548532809
50.6554121671
53.1740112408
49.5289819539
56.0145872970
69.8021594110
72.3124721850
71.6160418742
65.6022949551
66.9665569905
63.6596473574
21.5996636903
14.5714010441
18.9886471834
16.1071406559
57.1764428084
50.1239017795
45.4270981657
62.1933212162
60.3602870758
56.2097418310
52.8927851798
45.0612858242
63.3900760700
60.7492872897
27.8816439638
53.9023296094
49.1425296622
43.6159775040
34.0392800515
0
0
0
46.2813157240
20.0448392524
16.5275994021
42.3399722927
0
0
66.7668732737
55.7826676151
51.7219199215
55.9827048704
63.1284522778
69.4632137549
55.2805338204
54.4632753199
51.0864626587
62.6440787618
0
69.4545571698
61.5651591942
59.7241498788
58.6835191338
52.3061247572
58.9967286650
53.2213665193
50.4535863406
50.7188952448
25.9808062356
44.2478970603
30.3248178107
25.1724065157
51.9013027543
37.4988786009
32.5712802027
36.4353953144
36.1216256789
29.7617533798
36.8181716913
32.3644759827
0
53.4643557300
51.9724949788
47.4652848968
41.9404013533
51.7174626692
44.8903379279
41.6281346387
40.3295922933
0
40.0383246637
47.6979158070
44.1504137895
44.1555216198
40.5533199359
40.1992367221
39.4497751300
49.6547916573
55.8280494935
52.0412591045
45.0472177131
47.0443734513
36.6629788992
34.6197637646
45.2466392768
37.9486511742
0
0.63109935746
81.9284749778
81.8862292936
0
81.6758903018
0
0
59.2548682546
31.8878143658
55.9693163514
41.9166433719
43.7633062687
52.4937956792
13.3681838171
15.1679839395
20.6502017692
40.8315032673
45.3818543160
12.1371043061
20.8409217200
31.7145297671
29.4782250375
40.6158140930
36.3877939707
42.7017192603
34.9006406983
27.7449664523
31.3422658011
43.3727991239
38.6881627654
40.2095675310
51.7879836325
53.9241264102
53.1453403976
51.6847187586
55.0154575506
59.0057040727
49.8915371524
50.4047306933
47.7876530147
55.5849325111
51.7304223256
50.9209035598
17.0898855646
50.8296917928
46.4039016799
41.2250500587
35.5579654157
14.5586208095
12.4952559762
13.8778490275
56.2856668599
50.2450130542
45.3697562474
40.2220661229
21.6111325865
15.2803574843
58.1167969667
65.4097377337
59.2801262722
54.6595509327
58.8819519881
61.7598677605
59.3378096233
54.6647404817
40.1406859452
0
44.5103836595
42.3127636134
40.7524015562
38.0644737081
0
0
0
0
0
0
0
0
0
12.1939814752
1.99861644370
4.28442555435
3.77170128212
2.50606766273
2.51397957584
3.25771666770
2.67040677824
1.63332168393
72.3625594322
61.9066452024
52.7798013271
58.1290041566
41.7886756429
43.9009308234
49.0988784982
35.8611649643
38.3016084625
41.2041722216
34.6734664362
41.3634368742
38.9350499194
28.6621905634
50.3142929090
49.5542982248
43.8535390445
43.5104378626
46.9321233570
48.5553023872
68.3869705739
54.0583562448
48.9999196563
46.2310886212
58.7584984164
62.4092370917
50.8444115192
48.0794414182
46.0351773997
51.8387650025
0
0
48.4678890541
0
0
58.3589069352
60.4245663801
55.3273165452
51.4670119406
51.2942677166
75.1633352039
0.9037727297
77.5082002345
78.1219095043
80.0139030816
79.7249756986
84.2839456669
81.5883984465
0
48.8794712610
18.4354338135
24.1327168976
20.0056667009
18.4274292898
16.1566511112
19.6246740152
33.8357815530
22.6428622579
20.8142587735
20.4883580444
87.0353691115
74.9180038498
76.8856760662
77.5169223416
78.9676891664
80.2463335188
82.3366516965
83.9516048657
84.8809388937
86.0671649634
83.2458761878
69.8754550778
72.8387099082
72.4725815711
75.0681600729
76.3990137342
77.5623090504
81.4827681391
83.3827059409
79.0288786173
63.5423212880
57.4634190458
63.7565915351
63.4847944816
63.3676343550
64.8754339695
49.8859934428
51.3730425896
48.7830073454
47.5081887733
47.0211162383
45.9612483492
0
3.64580834526
57.9409687416
53.0024047463
50.8525186617
53.6409792308
51.4996627740
51.9644554625
59.5315877522
53.5845813968
56.5604837651
58.2309599170
58.1205589123
58.4088599150
52.0995332168
55.9441056504
56.0850983705
55.8930935083
56.0945525919
52.5587924357
55.8805381801
55.8765638188
56.7902383314
55.9818454420
61.7998627868
55.6799601266
59.5995399965
60.8951687688
62.0516006266
60.4830274372
42.5068603233
38.6030584337
36.5307338683
44.4175577112
43.5226607330
35.6079507203
24.9294423143
24.3493869908
39.0219570989
42.7826712584
48.4718959119
48.4592512300
28.8388734938
25.6098298235
38.4418416530
35.9050796690
41.6052494799
41.7845108306
19.2275993722
38.2902538670
24.6321367998
18.5117399057
12.4081486508
12.5307310579
10.8199588776
44.1264961439
22.3865185248
0
0
6.86537697469
0
0
0
10.0276042732
6.19204642283
8.25216399901
66.0609913396
0
0
0
0
0
78.3179337135
63.2637502014
61.6153913061
59.2738064260
59.2738063632
62.1929834795
35.7638998772
62.7130353677
56.0683608175
41.6057546646
24.9513442845
16.7613786744
0
14.3071581761
17.3447333253
35.3560735269
58.9387847356
57.9209882977
46.2854519300
28.0003908970
16.6059416365
16.6043811978
16.2169764617
27.8059253227
55.3493762912
75.4946734747
55.1288089538
54.1065638988
54.8416956350
54.8176109438
69.9885038251
82.7473928488
74.8526245885
71.8286593962
72.5643760245
72.5689378672
8.45411224658
91.4732381348
55.9814279004
63.4576706685
61.2090910896
57.9638138423
65.8769356445
66.6237249690
56.6213662868
0
57.9724169215
60.0344135909
63.7864213381
52.8586652231
50.2262113269
54.8484312526
51.4344157079
52.4305371945
51.5314156543
45.0577997841
44.6955241406
40.7327054344
32.5176909377
41.2301977725
44.2068485179
37.8259878635
49.8253242859
41.6956709018
29.4792219668
44.6805544490
50.7566162949
41.2147474382
49.0809298760
50.6186925244
59.0060695290
0
72.8407595550
41.1602831235
26.2593954518
24.9796021500
28.3821001885
29.7971878557
33.7113050124
40.0469633613
43.1260922541
42.4838260205
50.3751442170
71.6397996488
39.6075424103
26.9286268267
26.4531503657
29.0779143100
31.6629244634
37.6361616620
43.4807252998
43.9907233262
45.8611294987
55.9261906255
54.1848600063
0
27.9944984430
33.6302282936
40.4523835382
45.4671075970
16.3004819092
10.8213911118
11.0869220204
12.9348461930
12.9126982701
14.2900880554
13.1596895948
23.2952193053
28.2904096092
32.7497289255
35.3434546380
46.6118940620
22.8368779288
18.1400732892
16.1884465600
14.6464782309
15.7603637983
16.7437003956
18.1114772696
24.1461683639
46.4542061219
50.4686421726
41.6862599699
33.4677732171
47.4323426105
0
0
0
0
0
0
0
1.38454126676
13.0925799402
15.2815717236
3.39674948706
1.79452870799
1.56940819432
8.13701486544
19.0158096823
15.7448897726
14.8044251698
16.9405963538
2.69823103539
4.40820888397
22.1340921320
1.10241611171
17.2365516468
22.8285417730
33.9120814760
41.2928073012
32.8122619245
24.9388322675
3.13589868509
0.391363559978
14.3764850843
13.4555832956
15.1059039508
23.9312401792
44.4609451949
47.6832783635
38.8761791712
21.6574113646
17.7686075203
17.9006049115
15.4380740863
13.7997807196
14.6217356566
14.3227468939
18.7526969278
24.7817262072
12.6184431385
6.86479160541
13.9061688252
8.85358706127
18.031277134
14.5098739082
13.7680466377
15.0652583441
11.2571688970
0
69.4713538612
0
63.5231075266
61.6056506021
65.9621042174
60.5241194370
63.9447488209
61.1875490594
0
70.6919178140
69.6054699871
0
13.8450829515
23.4659397318
0
0
20.2243123521
54.1550881498
49.7286785637
56.0682292088
59.9679966810
44.6235199772
49.0137818190
67.8682492891
64.9834179536
29.4865126866
23.7137539840
53.3228718085
50.1877297359
54.9319056481
46.0141032922
34.9579990205
30.4535707071
47.3468038079
0
0
45.4834552047
26.9431154099
29.2457490600
29.6418073149
30.0689324666
35.6056823134
24.1336869018
24.7999087586
29.5896355324
31.7949443219
30.5876345340
22.0607475000
20.8147645091
39.3854649331
12.9567701375
11.7115590728
35.1940097615
17.0556527227
14.7463731925
0
0
17.4747189378
21.1482533635
33.0039605949
26.8639892886
0
13.9952224271
27.1313397503
25.4608442556
31.5335410506
35.6231271143
14.8504133243
27.7260648077
29.0682937061
38.0199456418
40.9701576518
27.4725124583
18.9739583638
0
14.2412622648
27.4463823464
23.8017483157
27.7741556645
0
0
0
0
24.7461862664
20.8437377633
49.9396918183
0
0
0
23.8034609848
14.0111038674
13.8036024652
15.2114148556
16.2965178788
24.1374599548
27.1949107926
30.2127960093
14.7588735765
13.0895024889
15.2027452756
16.2958594355
25.7573461470
33.9381455948
0
16.9110966931
7.32932106179
0
0
0
15.8646676080
0
6.68212111175
5.86087399833
71.3695053744
0
0
0
40.4987979870
41.1849036292
29.1550868881
0
53.7033232484
69.7467929484
0
0
0
37.6130641204
38.7704210579
27.7523798757
0
50.3360854504
78.5799471091
78.5163736643
80.1564935296
80.6839580550
79.1128598847
80.3197497396
78.3229729616
0
74.6446560664
76.0634291796
75.6243497423
75.4149249301
68.6015083607
79.7602597484
78.6911424054
74.4901825619
0
80.0505723036
78.6909130216
75.8226547986
61.0115231625
47.0979877782
42.9246983494
45.3514266860
45.2762262013
57.1924839299
63.6157468813
63.9249185555
66.1264346754
59.0101785127
0
0
22.4540939334
21.0027990833
79.3364231373
77.1589905415
78.9133917753
0
0
0
10.7451790593
8.89537000814
7.99774489337
9.28257725920
0
14.2367446275
8.83541001945
0
44.4676473688
10.7451493226
10.3351077106
12.0168828932
24.1732756529
41.3994566673
0
0
7.40911789519
18.8488443204
77.8596035952
76.7525155199
0
76.0784750120
76.7796209649
73.9232899442
77.4645441373
0
87.6860413938
93.9527062418
92.0653878401
90.3001529545
85.7465877997
85.2173610184
86.6862258355
87.6620186528
86.0598153240
89.1072670465
0
91.7440442256
89.8594099744
88.0367223518
85.7465613514
84.8443597102
84.8914049508
87.6620210231
83.6225716741
87.0534025349
94.4300966879
2.41030377365
95.0770997535
93.6628371084
95.1105692752
93.3678519043
95.7722420439
93.6628371084
91.0761505662
88.8412355187
92.2086551446
80.3414693919
13.9559841783
43.6973004148
38.7569311759
32.1552023147
26.1844098668
17.6591255031
14.3471887170
12.2227127643
10.8046406753
12.7116618843
0
46.4862273619
39.6974173250
31.1817992296
25.7137768271
0
13.3621155774
0
0
0
45.1295647012
45.7603545789
53.2895767350
55.4125604882
47.6977700052
46.6729085633
52.7700983466
54.1036310428
0
55.8355473551
47.3571067041
20.6217241887
32.3356644121
62.0804838765
48.6247962094
21.1911999396
0
0
0
7.37559713621
32.9492954794
30.7622183400
44.5763879886
54.5913375101
49.3947505269
41.4275648847
41.8571430656
46.7847971248
59.6299557849
49.3708085071
42.1409543778
43.0651024574
69.5322573531
62.1525057235
66.2811604051
63.1443092504
62.4286555575
66.7698563476
65.6139935547
65.9693435698
67.2119189639
67.7611216986
40.1245717471
36.1493645790
46.0833003616
39.0021942210
44.8693927211
44.0356055464
50.5757615484
50.3135026932
23.4203127639
17.4442501504
27.4804917468
31.2363848026
39.8980908027
32.4080968593
26.7205654724
29.8969740520
43.8490347933
35.8577217060
-1.12580847483
65.9467778606
25.5877551075
21.9275035994
17.1241638573
17.6728717245
7.69617166503
4.44188020744
7.66270007207
11.0581409036
3.36435583641
67.2408157520
24.4886309667
20.7545666811
18.8061075547
16.9664841383
8.43823540485
4.72053315961
7.66270007207
8.29502551757
1.29367094448
1.69943384189
0
0
2.50843050936
1.29353785566
1.22236055387
0
0
4.94695288513
48.1183752974
59.7920869986
56.8233324391
56.1241190765
57.3183903306
53.9536134129
51.3746844499
44.9571567659
49.6221466533
45.4973217836
47.9097467246
53.8263569856
53.9537887192
50.6061267471
11.6014136992
47.3761087912
39.7613683841
20.1101644304
42.2730593861
33.6332464157
0
84.5500072015
55.2887188675
47.3424765581
47.5718761971
47.6458906974
49.3032150897
50.3427843427
53.0592317893
48.6467883247
48.6397849408
44.6218439095
46.3375299802
48.7497192856
48.4879258731
51.2375908766
33.4773758974
33.0087466232
0
24.8267386998
56.4713111329
37.7340099973
30.2751918815
34.1897241470
59.5720388153
0
0
49.2038260698
35.1796100987
0.834060111579
46.1538445904
25.9754067454
63.3680423228
79.9294836922
61.6650110395
72.7469340731
83.0699535238
68.5581609383
63.7566826266
70.1185874206
68.0039986859
57.2518282853
60.5520443541
60.2023807557
41.9733800690
51.1046822593
47.8456758523
43.1078789413
41.9966297285
37.2392762100
40.2121913223
43.1374031904
41.2673140735
41.6675040848
37.4202903887
44.9776646600
40.7953181634
39.2351830440
38.4948058699
39.9241929747
40.3272102474
42.3419938827
87.3480467994
0.915291254823
84.4447570719
87.7464995298
79.2872028205
83.7303477903
66.4370194391
81.2640569066
58.9909687466
58.9807356761
63.8813877274
66.5931846864
67.9163345376
49.1130912815
49.9433871711
53.3133151251
58.0103450681
56.9313938952
20.8042427146
43.0870564401
42.1291317229
12.2922218554
14.2104195554
13.8161025213
28.0681189551
32.9859786274
36.8110203338
14.6588366155
15.0919247918
17.6767355099
56.3323486719
32.1865939255
56.9712478219
59.4763220242
62.8521038322
71.2462465899
62.8521038322
71.9952307703
78.2043774853
76.6389350617
70.7492284758
70.0678216431
48.9153707953
47.5549536749
35.1279053526
12.7064330976
18.1550112009
0
18.9874286793
21.8088731306
65.5758036130
66.6597602062
64.8375723614
78.1215109592
78.5568428393
72.7278474984
72.8191352453
69.2712006410
70.4423743692
70.6043286076
70.8956221222
70.6605968922
69.0838201368
74.8138318905
78.6816461207
75.8611342974
74.3744105319
68.1597912446
67.6121843483
69.9061502720
70.3080020073
72.4602155960
73.0754772285
45.9415303871
66.8071398324
69.6147678656
76.1446840911
49.5755110223
52.9542353987
57.0178985547
58.9640363558
59.9814886692
61.4375730821
63.7996222800
72.7212489240
75.4737300375
71.1089626672
39.1479509246
38.8194506694
43.4962050797
41.8012409197
40.9036474838
0
0
65.4815319988
71.5231008065
45.9810643372
61.6119520216
60.3829885536
70.5147938628
0
25.2459074636
0.697793671183
10.1496476312
14.9984550661
0.848824940151
0.595923410557
0.448395528717
0.448394205513
0.448394218055
0.448386756313
0.448391827233
0
0
0
0
0
0
0
0
0
0
59.2096638877
60.6221643190
60.6234794607
60.2139793052
59.1346389514
59.1809171287
50.6097742430
51.7765416903
50.2134028881
39.2099326396
47.8869694459
50.1429490597
87.7641126687
78.2738086212
79.6513081203
83.7063692060
89.0364947462
87.1891705689
86.0034663593
89.0465865619
87.8499489007
87.3011108421
78.7315737834
79.8173377746
58.4355596028
60.0892544737
83.1737597517
74.3927003493
72.5544241464
66.4683060862
62.1924331828
58.6300366491
53.2906129346
53.7759563600
82.9074011806
72.4569621103
67.1965176510
64.4890824786
58.6247447677
54.3410952071
13.4777633643
12.9952216492
10.4281052470
13.6684634486
15.2944851158
12.5608726871
2.42070759985
1.44208826238
1.89311655330
9.80949062389
0.188843482972
0
14.2692737952
11.1543946392
0
8.38812124805
1.91359643950
3.82175837208
21.6339074571
10.9486973893
11.6919658503
11.2927297015
10.1838245860
21.7131809110
72.8277058296
6.51649551864
14.5969433397
47.2690942315
70.5744426345
4.17198562891
9.76994137136
45.0431490084
75.7794804125
54.3578884303
49.3869945252
32.1606757107
42.0941993056
64.7698976142
66.6730022907
74.4711818884
68.2952101718
41.6621682027
21.7713023077
29.7085684178
49.6885786561
54.2744460038
59.1829423235
68.4888830216
80.7499911399
79.2198072976
68.6527416846
81.3617515884
79.3415323142
70.8781789647
50.5205169025
55.8006766315
44.2104173553
38.6952204552
41.2280200962
0
53.8291710612
48.0313416386
52.9297586350
52.0798800434
67.7067692691
56.5833578162
62.9934275442
66.4766930380
7.80181367756
17.1382516761
1.12499041802
6.70607599770
0
0
0
0
32.0662743946
41.2240493162
18.4338185093
18.0072224510
15.5952879929
18.7167017106
33.7862988916
34.0349328736
38.0998890937
14.2475228600
15.6722936951
15.7363447065
18.8460967692
31.2303929583
46.0830509166
43.4875282124
49.9732253942
45.9499356101
47.6992453382
46.9331638269
45.1693754851
42.1186206395
46.5412098604
46.3454323181
46.6378620543
47.6377321481
42.2799369712
39.4816823466
44.2437665437
44.5397830139
18.2703386120
24.3155669288
33.5479955277
34.9277214971
37.6858536668
35.3151160965
20.9892200713
23.7867093061
68.8065949909
67.2066974604
70.1623351388
71.8359573195
69.1573091516
69.8611124421
72.8081472066
73.6273084064
72.0360592878
75.3531478162
69.2053894943
72.5764397536
75.2150803777
76.7655359124
76.8851785893
77.1035440601
75.4608198089
77.8169435977
40.9684270711
34.2509718669
30.6652272011
35.0176389629
40.8379163548
36.8054817638
31.3865561320
34.5713192064
60.4031979850
72.6926185233
69.2611441993
63.2923040006
55.5784850472
29.1869837059
24.7123524083
24.7154393704
24.7017465464
23.3107372172
23.3107371419
24.0958197519
28.9461991925
61.4824051891
58.6822123687
56.5807731819
53.1237420907
43.5165693704
25.1559846903
23.5164424945
24.8829121128
24.3984011687
24.7235649376
26.2218062824
25.2833570447
36.3064485684
58.8450271517
59.4018221962
43.4295468599
39.4044222133
14.5801201009
27.9229074785
35.5874324659
36.0261440386
23.0764383160
29.0803667394
78.3932006585
73.5631814626
54.1682196422
55.9490061654
48.1113826749
49.3986790429
65.5265598261
64.5529654426
71.2199391590
50.0179320636
73.0531116222
68.6685048418
65.1573790519
66.7733973454
65.1205517194
0
0
0
0
41.1635984721
58.4586897928
73.9732824850
76.6400652535
70.0807252335
77.2662117566
77.6222719412
76.6882889427
71.5236401973
73.0067615598
79.6695698253
67.3104929515
71.8029303060
73.2867330631
70.8602413385
76.6777762496
80.1630317976
76.7102728716
82.3705269152
40.2302817548
49.5976169811
38.9094305437
37.9388762895
36.4946040378
36.1165962869
36.4954835013
37.2530340544
45.2988697330
38.3007245812
35.7665942725
35.7665945497
33.5892161879
33.6317304761
42.5406533100
33.3972895874
9.59455815523
3.32241646355
0
33.6434280642
40.8871471563
32.6307104658
17.8515413869
14.2041146143
17.2094103412
29.1332691781
16.0900261368
17.0016971665
16.5970365954
18.7102262687
16.8647480477
12.9485956069
17.3965374226
17.3694102579
17.3153432035
15.0483098130
18.4613903985
19.6566553691
22.6623668967
26.1974900743
23.1542860776
20.7648055180
18.2181979721
16.3471399806
18.0094455589
17.6100561924
17.3449760001
15.5340043386
0
0
0
0
59.0245198814
69.5260168395
66.4525061388
48.2280890623
50.9312876981
45.4405138726
0
0
0
0
0
66.9976802565
59.9242819471
61.1491219155
58.1505542596
56.5816627100
52.9856957767
50.2083803052
49.1774591047
58.7384975295
71.3708371353
65.0266460532
67.0371017802
68.1382140151
68.6963914594
0
68.2021083873
63.2449655345
69.1016270824
64.5422701078
62.4985777887
59.7326777395
66.0263973058
28.9239375987
17.4045388259
18.2318330591
17.0246890642
15.3003568484
23.7975696914
28.9999059290
49.2827677567
59.7974286018
64.4218220816
58.2142721238
28.3350908914
19.7412153627
20.8451931083
19.8347574724
21.7911823474
31.0839334690
32.1822581327
45.9951888779
52.2328885231
52.1066150899
95.7540762607
97.1375411830
95.4530492371
96.7509696942
52.2512164553
47.9315863028
40.2762702621
48.7377763227
57.6866892050
45.0558592847
41.6416773108
33.1209975126
36.3150889808
45.1354618906
13.6577035292
18.8844362722
83.0593285671
77.5267024522
74.3818138616
73.5705051213
71.4444555103
70.0624478337
17.7438337177
21.3309853251
1.27224641746
0.545466797574
1.18447326827
4.32602860090
7.30154720552
66.4314025897
0
89.9205673229
92.9246685678
94.0477094428
9.53523142100
94.7319540323
93.6317977519
93.8251573747
94.8928611321
93.9814381370
95.9428251229
95.1340666712
94.7185418678
1.74923801657
90.8582379947
92.6786783837
23.2490330495
72.8682255037
63.6586577374
29.9118473691
24.9012688089
15.8694389664
71.4389336053
61.8316441969
24.5418457566
17.6639709618
0
0
20.5520438964
17.5243309902
